doc_trans/result/copy_awx.txt
ncols 1024
nrows 1024
xllcorner 94.52
yllcorner 15.51
cellsize 0.040009765625
NODATA_value -9999
[rows 832 to 883 of 1023, columns 768 to 863 of 1024]
18 46 66 29 6 5 5 5 9 5 5 5 5 5 5 6 11 7 5 5 25 59 5 6 8 6 8 6 5 7 21 6 5 5 5 4 5 6 4 5 5 5 7 6 5 5 5 6 11 9 7 7 5 4 4 4 4 4 4 4 6 6 9 12 21 14 14 8 5 11 6 6 6 6 5 5 5 6 5 4 4 22 49 102 11 6 5 18 22 15 5 4 4 5 11 27
5 18 87 7 6 6 5 5 6 9 8 5 5 5 5 11 15 6 5 5 35 26 5 9 7 5 8 5 10 8 5 4 8 4 4 4 10 5 4 4 6 5 4 4 5 4 5 7 8 9 8 5 4 7 4 4 4 4 4 4 5 8 8 11 13 14 18 5 4 13 5 5 15 8 5 4 5 5 5 4 4 14 6 5 11 9 19 5 4 6 5 5 5 5 21 11
6 6 6 6 5 6 5 6 5 9 6 5 5 5 5 66 10 5 6 5 35 18 6 6 6 5 7 5 7 5 7 5 5 5 4 4 8 5 5 4 4 4 4 5 6 4 4 4 5 5 7 5 6 6 4 4 4 4 4 4 7 8 11 14 14 6 11 6 7 5 5 6 6 6 5 4 4 4 5 4 43 5 5 11 7 5 5 4 4 5 13 8 9 4 7 6
5 5 5 5 6 6 5 6 6 5 5 5 5 4 5 17 6 6 5 5 48 17 6 5 6 6 7 9 7 5 5 5 5 5 5 8 5 4 4 4 4 4 4 4 5 4 5 4 4 5 7 5 8 5 4 4 4 4 4 5 8 9 10 15 7 4 5 21 5 18 34 5 5 5 5 4 4 6 4 13 12 33 5 15 6 5 6 7 5 52 78 25 129 10 12 5
5 5 5 5 5 5 6 6 7 5 5 5 5 5 5 9 5 5 5 5 8 37 6 5 4 4 5 9 5 17 6 5 10 4 9 4 5 7 5 4 4 4 4 4 6 5 8 4 4 4 4 4 4 5 4 4 4 5 5 9 8 11 14 10 4 4 5 24 5 4 7 5 4 5 5 4 4 4 7 9 5 14 7 12 4 5 5 8 5 6 7 33 5 27 8 7
5 5 9 8 5 8 10 11 6 5 5 5 5 5 5 5 28 5 5 5 6 22 5 5 4 5 6 5 5 5 7 5 4 16 7 5 5 7 6 5 4 4 5 4 8 6 5 4 4 4 4 4 4 4 5 5 5 4 7 10 11 10 8 5 4 4 4 5 7 10 6 4 5 5 5 4 9 5 5 4 4 4 11 6 4 5 5 8 7 11 25 17 10 8 6 5
5 5 7 6 5 6 62 33 5 5 5 5 5 6 6 6 6 5 4 4 4 76 5 5 5 6 7 5 6 8 13 5 5 4 21 5 4 4 7 5 4 4 8 5 4 4 4 4 5 4 4 4 4 4 5 5 5 6 10 11 11 9 4 4 5 4 4 4 11 9 7 4 5 5 4 4 4 4 37 5 4 7 5 4 4 6 5 5 5 5 7 14 5 4 6 7
5 5 5 5 5 5 40 16 7 5 6 5 5 6 5 6 16 6 5 4 4 59 5 5 5 7 7 13 5 4 4 10 4 4 13 5 6 5 17 4 4 7 7 7 7 8 4 4 4 4 4 4 4 4 4 4 4 5 6 8 5 4 4 7 5 4 4 5 5 6 4 4 4 4 4 4 5 11 7 4 5 4 4 4 5 5 9 6 5 4 5 4 4 4 5 5
6 5 5 23 6 22 11 11 8 5 5 5 5 5 5 95 5 6 5 5 4 13 5 5 4 4 5 39 7 5 5 9 5 5 6 5 6 5 6 5 4 5 19 5 4 5 4 4 4 4 4 4 4 4 4 5 4 5 5 4 4 4 4 5 5 5 4 6 22 4 4 4 4 4 4 4 8 5 6 4 4 5 4 45 4 39 7 4 4 4 4 4 4 4 5 4
11 15 11 6 5 5 9 6 5 5 5 5 5 5 5 107 6 8 5 5 4 6 6 5 4 4 5 36 7 5 6 5 7 5 5 6 5 4 17 6 5 8 11 4 5 5 5 5 4 4 4 4 4 4 4 4 5 6 5 4 4 4 4 5 5 5 10 9 6 4 4 4 4 4 4 5 5 5 4 4 4 4 4 4 6 22 9 6 5 5 4 5 4 4 4 5
5 6 26 8 6 6 6 5 6 5 5 5 5 5 5 11 29 9 5 7 4 5 6 5 5 4 12 5 21 6 5 21 7 5 5 5 4 4 123 7 5 5 5 5 9 6 4 4 4 4 4 4 4 4 4 4 5 4 4 4 4 4 4 5 5 5 4 7 5 4 5 4 4 4 4 5 4 4 4 4 4 4 5 4 5 33 14 4 7 5 4 4 4 4 5 4
103 37 90 35 9 7 8 5 5 5 5 5 5 5 4 5 85 35 5 5 5 5 5 4 4 5 34 5 35 6 10 6 6 6 6 5 4 4 37 5 5 6 6 6 5 5 5 4 7 4 7 4 4 4 4 4 5 4 4 4 4 4 4 4 6 4 5 13 5 8 4 4 4 4 4 4 4 5 4 4 4 4 10 5 4 38 7 4 5 4 4 4 5 4 5 5
16 6 5 6 14 19 10 5 5 5 5 5 5 5 5 5 10 6 5 5 6 11 7 5 4 5 5 5 5 5 16 6 6 13 6 5 4 7 6 4 5 29 9 7 5 7 7 5 6 4 5 4 4 5 4 4 6 4 4 4 4 4 4 6 4 4 4 5 5 4 4 4 4 4 6 4 4 4 5 4 4 4 5 13 4 5 6 5 15 4 4 4 4 4 8 6
5 5 5 5 11 10 9 5 5 5 5 5 5 5 5 5 5 6 6 5 5 11 5 5 5 6 7 5 5 13 7 5 5 6 13 5 4 10 5 20 5 6 4 16 9 7 5 10 4 4 5 5 4 4 4 5 4 4 4 4 4 4 4 4 5 4 6 4 5 4 4 4 4 4 5 5 7 5 4 4 4 4 4 5 5 5 12 4 13 6 5 5 6 5 4 5
5 5 5 12 9 5 5 6 5 5 5 5 5 6 5 5 5 6 5 7 5 6 6 5 4 8 7 5 5 5 6 6 5 4 8 5 5 21 5 9 14 6 5 7 5 5 8 5 5 4 5 7 4 4 4 5 4 4 4 4 4 4 4 5 7 5 5 7 10 4 4 4 4 4 6 9 5 5 4 4 4 4 49 7 4 4 4 6 5 4 17 6 5 4 7 4
5 5 5 9 16 5 6 5 5 5 5 5 5 5 5 5 28 33 5 4 5 5 8 5 5 8 5 5 5 7 9 5 5 5 5 4 9 10 5 5 74 5 8 5 5 6 9 6 4 4 4 4 4 4 4 4 4 4 4 4 4 5 4 5 5 5 4 4 12 9 4 4 4 6 5 5 5 4 4 4 4 4 23 5 4 4 4 5 8 12 11 5 4 4 6 4
5 5 6 33 5 6 5 6 5 5 8 5 5 5 5 5 7 8 6 5 6 5 6 5 4 9 6 6 5 12 9 5 5 6 7 5 33 6 9 13 8 8 26 8 5 6 10 12 4 4 4 5 4 4 4 4 4 4 4 4 4 4 4 8 31 5 4 4 9 5 10 4 4 6 7 4 4 4 4 4 4 6 9 4 4 4 5 9 6 33 5 5 4 5 4 5
6 7 5 15 5 5 5 6 5 5 5 6 6 5 5 8 23 17 5 5 13 6 5 5 6 13 8 7 5 96 11 5 6 5 5 5 20 6 8 6 5 6 7 12 9 6 16 4 4 4 5 4 4 4 4 5 4 4 4 4 4 4 4 5 6 6 4 4 4 6 5 5 4 4 4 4 4 4 4 4 6 9 5 11 4 6 10 6 6 15 5 5 5 4 4 5
6 5 6 6 5 5 6 12 6 5 11 5 6 5 5 11 16 6 6 4 41 6 5 4 5 22 5 5 5 6 6 5 7 5 7 4 16 16 12 6 6 15 20 8 6 4 5 4 4 4 4 4 6 6 4 4 4 4 4 4 4 4 20 5 4 4 5 4 4 9 5 5 4 4 4 4 4 4 4 4 40 8 8 11 6 12 13 11 6 5 6 8 6 6 5 7
6 9 67 14 5 5 5 6 6 5 8 8 5 6 11 16 7 5 5 4 6 5 4 4 5 45 20 6 6 6 4 5 9 5 5 11 17 7 5 6 7 5 7 11 7 4 17 4 5 4 5 4 4 5 4 4 4 4 4 4 4 4 4 5 4 4 7 6 5 5 4 4 4 4 4 4 7 5 5 5 12 7 9 13 8 5 5 6 7 6 13 6 6 7 6 6
11 16 69 6 5 5 5 6 6 5 5 5 5 6 9 6 7 13 5 4 6 7 4 4 66 26 5 4 8 6 5 8 5 18 15 4 43 5 4 13 8 5 5 8 6 5 5 7 5 4 6 4 4 5 4 4 4 4 4 4 4 4 5 5 5 5 4 5 28 9 5 4 4 4 4 4 6 9 8 7 13 6 11 12 9 5 6 6 6 6 16 12 10 7 6 7
5 22 6 6 5 18 5 42 34 5 6 5 6 5 5 5 5 5 5 4 5 11 5 4 6 11 5 4 4 27 5 11 6 45 5 6 49 11 5 6 13 9 8 9 14 5 6 4 6 5 4 4 4 4 4 4 4 4 4 4 4 4 4 5 4 4 4 4 34 6 4 4 4 5 5 5 8 8 8 8 35 6 8 15 13 7 8 11 6 6 25 11 16 9 8 7
5 10 51 6 6 5 5 134 13 11 5 5 5 6 4 5 5 5 4 5 5 10 5 4 9 7 4 4 4 8 5 5 6 20 6 47 16 5 5 5 5 13 5 9 6 5 5 5 7 9 4 4 4 4 4 4 4 4 4 4 4 4 4 5 4 4 4 4 54 5 4 4 4 4 4 4 8 9 11 8 14 11 7 35 10 28 29 15 8 5 13 8 6 8 9 16
5 5 37 31 6 5 5 20 27 6 6 5 6 5 5 5 5 6 5 4 6 29 5 5 71 6 5 5 5 11 9 5 5 8 6 9 5 9 26 5 5 17 6 65 15 5 4 5 5 6 5 4 4 5 4 4 4 4 4 4 4 4 4 5 4 5 5 5 9 7 4 4 5 5 5 6 11 10 10 10 9 7 9 11 12 13 13 9 6 5 5 6 4 5 7 7
5 5 5 80 6 6 10 10 6 42 9 6 5 5 5 4 4 5 5 5 5 6 4 4 71 5 4 5 6 6 16 10 4 4 4 5 5 4 20 7 4 6 5 22 11 5 4 4 5 11 13 6 5 4 4 4 4 4 4 4 4 4 4 4 4 5 7 4 8 7 4 4 4 6 6 5 11 10 9 8 11 9 20 12 8 11 9 6 7 6 5 5 6 6 6 4
5 7 8 78 5 7 6 5 13 8 9 5 6 5 5 4 4 9 7 4 4 5 4 4 15 5 4 6 6 6 7 4 4 4 5 4 8 6 5 31 5 4 5 5 11 5 5 5 5 19 12 26 17 10 4 4 4 4 4 5 5 4 4 4 4 4 4 4 5 4 6 7 4 4 5 5 12 9 12 12 7 10 18 14 9 8 8 6 5 4 5 5 6 4 6 5
5 5 14 99 6 5 32 6 7 6 5 5 5 5 5 4 4 17 6 4 4 5 4 4 5 29 5 7 6 8 5 4 5 4 19 6 12 5 5 46 6 7 5 7 6 5 4 4 5 12 16 11 5 5 4 5 4 5 4 5 7 6 4 4 4 4 4 4 5 5 5 6 4 4 5 6 10 8 12 19 8 11 15 9 10 8 9 5 4 4 4 6 6 4 5 6
5 5 9 18 5 7 6 8 32 6 5 5 6 5 5 6 4 8 5 5 5 5 4 4 5 56 5 5 15 5 4 5 5 7 5 6 9 5 4 13 16 34 5 7 6 5 4 4 10 9 16 9 4 5 5 6 4 4 4 5 4 4 4 4 4 4 4 4 4 4 4 5 4 4 6 6 7 11 10 9 12 15 9 10 20 13 5 4 4 4 4 54 6 4 4 5
9 5 75 6 5 5 56 6 19 6 5 8 30 5 5 5 8 7 5 4 5 4 4 4 6 74 9 6 6 5 4 4 4 4 5 5 6 5 5 5 7 8 10 14 6 7 4 4 7 78 5 11 5 4 5 6 4 4 4 4 4 4 4 4 4 4 4 5 4 4 5 4 4 5 7 11 8 9 12 23 8 11 60 15 6 5 5 5 5 8 4 5 5 4 4 4
5 5 96 6 6 6 10 5 6 5 5 11 7 7 5 8 4 5 5 5 4 4 4 4 4 6 5 39 7 5 5 4 5 7 14 6 5 6 4 8 6 4 8 28 6 7 4 4 4 5 22 6 11 5 5 4 4 4 4 4 4 5 4 5 4 4 4 4 4 5 5 4 5 5 7 8 6 7 10 19 8 17 30 9 6 5 4 6 6 6 7 4 4 4 4 7
9 5 9 8 5 14 5 6 19 6 5 5 9 8 5 5 5 5 4 5 4 4 4 4 9 7 5 55 5 5 4 5 6 7 6 6 5 6 5 15 9 5 5 32 7 7 5 5 4 6 7 6 5 5 4 4 4 4 4 4 4 5 4 4 4 4 4 4 4 5 5 5 4 5 5 5 5 7 28 19 7 13 21 5 12 4 5 5 6 6 9 4 4 4 4 4
8 5 15 6 6 5 5 23 108 6 5 5 21 5 5 5 4 4 5 5 4 4 4 4 7 10 5 28 5 5 4 6 7 6 4 8 7 8 5 6 12 9 6 6 5 5 16 6 4 16 5 5 5 5 4 4 4 4 4 4 4 9 4 4 4 4 4 4 4 4 5 5 5 5 5 6 7 17 43 8 11 6 5 6 14 5 7 5 9 7 5 4 4 4 10 4
25 6 11 6 5 5 7 8 9 8 5 5 79 5 5 5 5 4 5 4 4 4 4 4 24 18 6 22 5 5 5 4 10 6 5 6 6 13 5 26 8 5 5 5 5 5 5 6 6 11 6 5 20 5 5 4 4 4 4 4 4 7 4 4 4 4 4 4 6 5 5 6 7 4 5 6 8 10 48 19 31 7 9 5 5 5 6 6 9 6 5 5 5 4 4 6
46 21 19 6 9 5 7 8 27 6 5 12 15 13 5 6 5 5 5 5 5 4 5 4 5 11 5 8 5 5 5 4 5 6 13 11 8 9 6 21 14 19 11 7 5 4 4 51 12 4 4 5 8 5 5 4 4 4 4 4 4 12 4 4 4 5 4 4 7 5 12 19 4 5 4 5 6 18 55 8 8 5 74 4 5 5 31 9 7 6 5 5 5 5 4 7
73 23 16 10 8 5 13 8 6 5 5 12 26 42 9 9 5 9 5 7 5 5 11 5 5 6 14 5 5 4 5 6 5 8 6 10 9 21 12 15 6 24 9 6 5 4 12 5 5 4 7 9 4 4 4 4 4 4 4 4 4 5 5 4 5 4 5 5 6 6 5 5 5 8 7 4 5 21 83 11 9 19 6 4 5 32 6 5 6 6 6 5 5 5 5 7
52 17 78 102 6 7 15 18 6 5 5 7 20 20 43 5 66 5 5 7 5 7 13 7 8 7 6 8 5 5 5 5 47 6 5 20 28 23 19 26 7 10 12 6 5 4 9 6 4 4 6 6 5 7 4 4 4 5 5 4 4 4 4 5 5 5 5 5 7 7 5 4 6 5 6 5 4 5 76 7 32 8 5 4 9 5 4 12 9 10 8 4 5 5 4 4
18 40 25 7 7 5 5 16 5 6 43 38 6 8 5 42 6 5 6 9 5 7 7 6 6 6 12 7 5 5 5 5 62 14 7 14 25 18 6 7 13 19 16 5 4 5 5 10 8 5 19 5 5 6 4 4 4 4 5 4 4 4 4 4 15 5 6 5 5 7 5 4 4 4 4 5 6 5 26 6 23 5 5 4 5 4 4 8 31 8 5 6 5 5 5 4
6 64 13 6 56 25 7 11 10 37 41 15 5 5 5 20 6 5 5 6 4 4 9 5 6 5 5 12 6 7 5 5 5 9 6 9 7 20 8 12 8 6 17 8 4 4 7 6 6 15 7 5 5 7 9 5 4 5 5 4 4 7 4 5 6 8 8 5 5 5 5 4 5 4 4 5 5 5 12 6 9 62 7 5 6 5 4 4 6 5 6 6 5 5 6 4
5 6 5 6 79 39 17 7 25 111 21 6 5 5 6 56 8 29 13 8 6 4 26 5 7 12 5 27 5 11 5 5 5 9 8 9 8 28 21 27 10 15 9 6 5 4 9 9 5 7 12 5 5 5 12 5 6 5 4 4 4 5 4 4 5 16 7 7 13 5 5 5 5 4 4 4 4 5 4 4 38 6 8 6 6 5 5 4 4 4 5 11 4 5 6 4
5 5 20 6 8 38 45 12 28 39 5 5 5 12 24 86 71 59 20 33 6 4 9 5 4 9 5 8 5 7 7 6 5 9 16 6 7 20 10 16 8 14 12 8 6 5 4 6 6 5 5 10 5 26 5 7 5 5 5 4 4 5 4 4 5 5 5 6 13 40 6 6 6 5 5 5 6 5 4 5 26 6 9 8 6 5 4 4 4 4 4 6 9 5 5 4
5 5 5 5 6 6 8 94 32 6 5 5 5 5 22 59 75 50 28 22 11 5 7 5 6 30 5 5 4 10 12 8 5 5 24 5 7 16 24 19 20 20 7 6 6 4 4 42 8 5 10 6 5 4 5 5 5 4 4 7 5 4 4 4 4 4 5 5 9 6 11 5 6 5 5 27 6 5 5 5 5 6 11 6 7 6 13 5 4 4 4 17 5 6 5 4
5 5 5 5 5 6 14 55 9 14 7 5 5 5 6 22 45 27 21 17 5 5 6 8 5 5 7 5 4 8 8 10 6 7 7 5 6 16 38 55 12 7 8 17 5 5 5 9 9 4 8 8 4 4 5 5 4 4 4 6 5 4 4 4 4 4 4 5 5 4 4 5 5 5 5 51 6 5 5 4 5 6 7 5 5 48 6 4 5 4 4 5 10 5 6 4
5 5 6 5 5 40 5 58 7 28 11 6 5 5 5 5 27 6 5 6 5 4 5 5 7 5 25 13 5 4 10 6 10 8 5 5 9 10 12 21 18 6 5 6 5 7 7 5 5 8 8 5 5 5 5 4 4 5 8 4 8 4 4 5 4 4 4 5 4 8 4 51 9 8 5 5 5 5 4 4 5 6 6 6 6 6 5 4 19 12 4 5 4 6 4 4
5 5 5 5 5 81 6 45 10 5 11 6 6 6 23 5 7 7 6 6 5 4 4 6 6 5 4 75 6 9 32 9 6 6 16 7 14 17 6 6 9 5 5 9 6 4 4 6 6 5 4 6 5 5 4 4 4 5 6 8 8 4 7 4 4 5 5 4 5 5 4 20 6 4 4 4 4 4 4 4 4 5 6 6 6 5 15 5 4 4 4 5 4 6 5 4
5 5 5 5 5 7 8 27 75 22 6 11 21 14 8 5 30 54 8 8 5 4 4 6 6 5 4 6 6 14 6 9 18 6 8 8 16 10 13 6 5 35 5 24 8 4 4 12 8 4 12 4 4 5 4 4 5 5 5 5 5 11 4 5 5 5 5 4 5 4 4 4 44 4 4 4 4 4 4 5 5 7 6 5 6 4 11 5 5 4 4 16 5 5 6 4
7 5 6 5 5 22 6 14 64 12 6 6 5 13 6 5 5 6 9 10 9 5 4 5 5 5 4 41 6 5 9 27 6 6 9 8 10 7 8 13 8 6 8 9 5 5 5 6 5 4 4 6 4 4 4 4 5 4 5 4 11 6 5 5 5 5 5 19 6 4 4 4 13 5 4 4 4 6 4 4 5 6 5 6 4 7 12 4 4 4 5 49 5 5 5 36
5 11 8 5 6 6 5 8 14 16 7 5 5 7 8 5 5 5 5 5 7 5 5 5 5 4 4 18 8 5 5 29 10 5 24 7 6 6 11 8 23 7 10 12 5 4 4 7 4 4 4 8 5 4 4 4 4 6 4 5 6 5 5 5 4 5 4 10 6 4 4 4 5 5 5 4 4 4 4 4 6 5 7 7 5 6 5 4 6 5 4 4 6 5 12 24
18 16 7 7 5 12 5 6 9 64 12 5 7 10 9 5 8 11 8 5 5 4 4 5 5 4 4 13 6 4 5 7 6 6 5 6 11 7 8 5 7 5 5 44 5 4 4 4 4 4 4 4 5 4 4 5 4 7 5 9 20 5 5 4 4 4 7 9 5 5 4 4 4 4 4 4 4 4 6 4 11 5 7 5 5 12 6 6 5 4 4 4 4 16 5 6
5 5 5 5 6 7 5 16 5 8 70 13 7 21 9 5 7 5 5 5 5 5 4 6 6 4 4 4 5 5 5 9 11 5 5 5 30 8 6 5 8 6 5 8 8 5 4 4 4 4 5 5 12 5 4 4 5 5 5 6 20 5 5 4 4 4 4 5 5 4 4 4 4 4 4 4 4 4 4 11 16 6 6 5 5 11 6 6 5 4 4 4 5 4 6 8
5 5 5 5 5 6 7 5 5 5 7 9 16 5 5 6 6 7 6 5 5 5 8 5 6 5 5 5 4 6 5 8 8 7 5 24 11 25 19 6 5 5 5 6 13 5 5 4 4 4 4 4 26 5 4 5 7 5 6 6 13 20 5 4 5 4 7 9 4 4 4 4 4 4 4 8 4 4 7 19 8 6 8 5 5 7 5 4 4 4 4 4 6 4 4 26
5 5 5 5 5 5 6 5 5 6 6 5 6 5 5 9 5 6 5 9 5 5 5 6 10 5 6 5 5 5 5 6 5 7 5 5 21 13 19 6 5 5 5 4 5 4 4 4 4 4 5 4 5 5 4 4 5 5 7 5 5 4 43 5 5 4 4 6 4 4 4 5 4 4 4 9 5 5 4 4 7 5 5 5 13 5 5 4 4 4 4 4 5 4 4 5
5 5 5 5 5 5 5 5 5 12 6 19 7 5 9 14 5 5 5 8 5 5 5 4 5 8 5 5 4 5 4 4 5 5 8 8 10 8 6 6 5 4 4 8 6 4 5 5 4 4 4 4 5 4 5 4 4 5 5 5 5 5 21 17 5 4 4 6 5 5 4 4 5 5 5 8 6 4 4 4 4 5 6 5 6 5 4 5 4 4 4 4 4 5 4 7
