doc_trans/result/copy_awx.txt
ncols 1024
nrows 1024
xllcorner 94.52
yllcorner 15.51
cellsize 0.040009765625
NODATA_value -9999
[rows 520 to 571 of 1023, columns 864 to 959 of 1024]
78 75 83 77 80 77 79 80 81 69 60 66 72 72 69 64 66 78 86 84 72 73 73 75 84 67 83 86 90 95 89 85 92 100 97 92 109 102 70 53 53 82 84 47 62 60 89 79 82 85 92 92 77 65 77 72 77 77 84 80 85 99 102 67 59 48 52 86 82 50 63 76 97 93 91 67 90 98 70 67 63 60 67 71 79 68 67 64 75 70 76 82 82 91 96 78
89 77 90 87 93 90 79 70 69 68 63 69 69 68 68 61 71 89 77 79 71 66 64 78 78 63 85 94 91 90 87 80 88 98 99 90 96 98 87 75 95 102 85 89 54 85 91 78 70 90 91 82 91 91 67 78 104 82 80 86 91 91 95 64 77 109 61 75 96 67 89 71 96 91 72 82 92 84 60 75 85 61 68 77 89 79 87 69 60 82 90 76 92 90 91 84
65 88 91 93 94 83 70 65 68 69 67 69 68 62 71 62 66 88 81 69 77 74 80 102 91 88 69 98 88 92 87 92 96 91 74 85 97 84 54 58 98 106 108 90 57 75 86 95 92 78 86 80 79 81 75 81 75 93 87 92 97 88 96 81 89 85 66 88 93 75 91 97 78 97 100 99 84 56 67 90 64 83 87 68 96 95 85 63 69 87 75 93 89 95 98 91
72 71 88 84 79 65 68 68 68 70 77 83 60 63 74 73 87 95 80 83 88 81 84 98 95 74 84 90 89 92 94 86 100 99 92 85 94 88 66 50 79 89 87 74 76 99 93 83 85 83 78 84 84 78 88 84 83 82 79 93 98 84 75 89 96 70 68 86 102 100 80 82 104 90 107 101 60 49 86 77 79 97 86 81 87 79 77 65 82 86 91 80 106 75 92 84
73 75 71 77 70 64 68 64 88 89 93 89 70 63 75 103 99 91 95 90 99 90 91 100 86 85 85 71 73 91 89 86 89 89 86 96 87 86 57 40 83 110 74 62 71 71 57 74 78 90 91 89 96 92 98 87 83 92 95 111 80 86 68 84 88 70 86 73 69 69 62 100 90 73 107 80 68 74 108 79 87 91 79 79 107 94 58 90 95 89 91 90 90 100 85 98
67 69 68 67 73 88 79 84 84 78 99 80 75 97 104 96 88 72 84 115 109 96 93 95 95 89 79 67 61 69 81 92 69 69 81 85 106 84 53 41 66 108 95 56 67 91 86 97 84 85 89 94 90 101 96 92 95 102 100 86 77 65 67 93 78 71 81 73 67 87 84 87 78 78 96 104 93 74 90 98 77 75 92 92 120 122 83 95 90 95 87 85 102 97 85 90
86 72 77 77 78 80 78 93 70 68 71 92 86 98 97 105 81 73 87 111 113 102 93 92 94 87 85 78 65 54 49 81 77 89 80 80 89 95 93 100 96 96 103 84 88 76 73 84 91 87 100 98 99 107 96 100 93 95 98 81 88 92 72 108 86 75 90 74 91 94 87 87 80 89 99 99 86 77 57 77 96 81 97 93 97 81 91 92 86 88 96 86 74 104 83 84
70 68 64 71 63 83 91 79 82 85 91 83 71 68 90 78 81 78 83 116 107 98 89 93 86 86 82 66 55 58 95 61 57 55 81 99 75 62 90 106 85 80 82 96 85 98 84 64 95 86 93 80 101 104 104 100 101 97 93 86 100 97 86 97 75 80 91 83 82 94 81 80 84 110 113 95 88 63 64 89 95 87 87 90 93 83 96 93 88 86 88 90 79 91 87 88
76 68 68 80 60 74 86 79 83 97 90 87 83 80 79 67 73 56 82 117 110 105 92 68 80 85 80 66 58 102 58 77 86 67 61 99 78 74 57 104 90 109 94 91 108 104 90 93 96 100 94 87 90 72 87 89 91 90 105 72 102 92 88 63 92 80 78 101 109 69 100 80 97 108 124 90 79 79 71 81 90 87 88 96 89 81 80 83 86 85 73 75 84 86 84 91
74 77 75 58 62 64 82 83 79 91 95 100 85 67 69 67 69 73 95 106 109 94 89 68 60 84 74 79 81 71 103 86 95 121 70 90 119 70 88 82 85 96 101 67 101 91 91 89 84 95 91 88 86 85 75 97 98 81 110 85 99 103 78 81 65 90 94 94 74 92 73 112 86 109 119 105 77 69 81 88 91 82 88 96 84 84 71 83 75 84 85 72 92 95 95 80
65 71 58 50 53 94 68 85 79 70 99 94 89 63 64 82 86 101 96 95 90 91 86 60 87 83 79 93 71 81 75 111 101 128 97 93 86 115 92 96 96 79 114 65 85 105 87 94 86 93 73 94 79 97 70 90 106 84 94 102 95 95 68 68 78 77 83 72 96 73 91 102 91 107 98 100 102 69 90 80 90 80 86 93 87 71 72 86 74 74 77 57 74 102 83 87
69 65 52 53 62 81 78 75 86 65 62 79 75 77 90 97 90 103 99 89 88 85 92 74 87 65 82 74 106 85 88 99 94 97 98 103 72 87 129 84 128 101 74 119 85 76 101 91 90 74 82 85 110 97 95 104 89 92 77 89 86 87 92 82 75 89 74 64 84 75 89 94 108 90 96 86 97 80 85 95 84 91 89 87 71 88 70 77 61 70 73 62 79 95 83 92
36 30 73 63 81 65 76 65 46 61 68 74 72 70 89 103 102 92 88 88 96 82 88 93 86 71 80 75 100 67 98 90 96 90 99 106 87 86 93 91 82 87 105 83 101 92 96 99 83 103 86 87 93 93 89 96 100 97 88 86 75 75 87 83 77 76 68 68 77 89 101 88 100 86 92 90 91 78 92 88 83 81 83 86 77 91 82 62 90 75 93 91 80 95 73 90
58 86 83 94 91 74 56 40 63 65 75 69 69 58 90 95 101 85 95 94 92 88 70 94 70 86 83 73 103 83 101 85 103 90 97 114 119 84 87 92 91 97 94 92 106 100 99 96 92 82 95 90 86 83 91 93 100 99 79 81 82 48 94 108 68 70 83 75 68 76 88 111 84 89 90 85 80 77 85 96 104 83 84 85 85 84 62 79 70 77 77 91 77 83 84 86
90 88 85 89 80 55 57 46 79 79 73 49 72 70 73 80 86 91 90 93 92 87 73 77 76 83 86 86 81 66 104 97 78 101 101 78 79 73 77 95 122 100 88 97 108 100 106 83 94 69 88 96 94 97 93 67 97 98 86 93 83 69 99 103 79 74 87 86 92 80 69 96 77 88 93 86 80 81 86 99 95 84 87 88 86 89 82 81 82 77 75 84 70 84 91 78
93 83 80 82 80 46 79 86 85 88 79 76 54 67 68 73 85 87 88 94 95 86 76 102 67 79 90 72 75 88 99 94 83 98 65 81 77 67 113 83 102 97 108 87 95 112 98 114 82 96 71 93 92 83 89 88 77 90 101 85 74 89 114 112 82 80 40 123 75 85 61 99 80 83 78 70 68 76 84 89 88 90 91 91 84 87 94 86 85 83 73 84 74 69 69 78
92 91 99 81 72 81 89 71 90 75 61 72 58 50 76 77 81 85 85 85 79 79 74 95 112 74 92 77 64 65 95 76 91 88 68 63 78 94 75 94 86 93 98 97 98 99 97 103 94 102 87 84 87 72 100 81 88 114 111 92 57 89 75 99 90 69 76 104 106 85 91 75 68 81 67 73 83 82 83 81 92 91 84 83 86 74 86 88 81 80 80 79 65 71 66 75
73 79 75 89 87 82 91 84 80 57 34 65 74 55 75 78 75 71 72 72 70 81 72 94 108 96 77 63 72 84 81 84 62 98 75 78 69 76 86 94 83 90 81 92 99 89 104 86 106 106 86 98 95 84 80 56 88 99 114 104 49 83 90 95 106 85 95 88 100 80 96 82 83 84 49 53 78 80 78 83 88 81 89 88 91 83 91 75 79 80 74 84 83 77 75 79
73 81 88 87 100 102 78 76 69 37 62 74 55 60 67 58 52 51 60 77 90 86 74 99 87 71 89 66 66 83 77 77 67 73 81 86 87 88 80 93 54 78 89 86 79 94 100 97 88 91 82 79 84 106 100 71 89 89 86 96 90 89 109 92 91 87 95 100 74 99 98 84 77 76 64 81 66 79 85 90 88 87 83 91 93 99 103 96 70 87 83 81 83 87 91 80
65 81 72 98 103 69 64 52 75 56 64 41 72 41 66 44 52 70 44 71 70 91 65 78 70 81 80 52 64 69 72 74 79 89 92 90 92 81 89 87 87 89 83 76 81 75 75 89 86 85 79 89 77 100 104 82 101 83 91 100 73 104 92 98 103 111 77 100 86 99 102 88 76 70 78 71 90 79 75 89 82 88 90 87 81 85 100 102 88 106 80 94 77 83 89 86
84 64 61 63 86 78 43 80 71 70 65 53 63 68 48 27 40 44 42 67 81 68 68 70 61 66 64 83 89 80 65 68 76 71 79 86 78 78 77 88 97 99 79 86 87 79 70 92 81 67 57 81 66 84 105 73 94 99 87 119 99 95 97 87 110 103 87 78 95 81 100 95 86 82 82 74 86 87 84 68 84 82 88 83 87 96 92 82 89 71 77 89 86 84 91 85
49 67 87 87 72 61 53 61 65 61 74 52 46 63 29 12 23 69 65 71 71 61 62 75 59 47 69 65 70 66 85 96 114 91 69 64 85 79 72 85 86 85 86 89 84 74 78 89 66 37 75 80 81 88 88 89 94 87 88 76 103 84 85 56 80 83 94 98 77 81 93 94 93 74 84 72 85 77 95 56 91 101 78 75 80 83 75 86 81 85 83 82 97 97 86 87
81 82 89 81 63 52 59 59 73 68 68 59 49 35 22 18 27 39 72 50 62 59 59 76 81 78 71 77 91 74 68 63 88 82 108 124 66 122 78 94 79 98 78 112 81 71 76 97 69 63 83 85 90 81 88 95 91 78 75 87 105 85 80 53 64 88 75 108 104 96 97 92 91 66 77 81 88 93 92 62 72 79 85 80 87 66 78 71 80 86 88 87 92 75 71 88
74 86 87 80 69 50 64 65 64 57 54 57 33 16 19 39 36 53 54 68 55 66 58 56 80 77 82 78 75 74 74 102 69 74 63 83 97 103 102 85 66 87 61 99 95 81 80 65 31 59 98 83 86 86 85 94 93 88 81 86 81 74 79 76 69 74 93 107 104 90 95 85 88 65 66 102 98 89 70 94 76 80 96 81 75 71 88 74 69 96 84 84 91 73 83 87
65 91 85 80 57 51 59 69 71 61 68 51 32 33 50 56 45 49 57 66 40 50 70 76 79 69 65 94 95 78 94 66 72 65 82 86 108 119 99 102 106 98 75 37 76 115 95 44 29 96 94 86 88 86 81 81 82 77 60 56 89 75 65 72 77 64 94 109 86 88 93 95 78 75 79 79 98 82 81 74 65 77 65 63 68 56 82 82 86 93 85 86 89 81 81 88
80 81 96 68 46 68 72 55 62 59 51 22 27 53 56 69 43 85 92 92 69 93 93 79 87 75 78 96 62 55 101 134 80 39 65 88 115 100 111 130 154 94 59 36 58 96 79 77 59 77 85 90 76 69 94 83 71 44 40 44 34 74 45 51 84 99 79 86 82 79 87 84 69 62 69 46 65 79 84 69 73 81 74 72 76 57 68 91 78 83 101 83 86 88 86 78
80 94 90 66 78 58 58 53 73 79 45 31 27 71 65 58 56 90 92 83 95 85 84 55 90 71 143 96 77 94 66 101 87 49 109 118 107 86 78 120 148 114 55 84 72 82 62 92 71 51 80 91 84 85 80 82 43 67 45 36 49 51 46 52 76 91 71 70 57 65 80 71 64 57 62 56 73 74 59 68 50 77 74 66 60 47 64 78 81 86 89 79 85 76 88 74
87 85 78 69 78 88 83 84 86 81 72 95 83 184 44 48 113 94 113 58 71 92 84 103 95 61 108 97 101 101 48 66 97 92 103 136 73 100 78 84 139 78 84 74 88 77 83 62 79 54 90 81 100 80 78 73 49 84 23 40 73 21 36 39 73 85 53 66 34 49 72 59 69 69 61 60 56 29 33 69 80 72 60 68 40 55 62 79 76 80 85 81 76 64 78 77
71 65 89 80 71 87 87 82 85 107 110 84 95 95 103 50 98 88 77 75 86 95 88 87 80 75 69 74 96 88 84 96 95 105 88 128 111 85 51 103 138 72 103 87 90 100 61 54 84 45 109 78 61 66 43 32 95 69 75 64 22 20 47 35 20 72 67 69 31 14 58 52 48 71 73 69 48 34 34 47 74 63 65 71 68 93 57 84 80 86 74 75 85 81 79 89
30 51 67 63 84 83 91 63 63 86 52 77 66 57 47 86 109 71 75 66 98 89 106 81 102 71 92 88 76 102 89 78 66 114 99 90 97 116 76 91 97 101 116 70 62 80 51 54 89 79 88 75 77 71 60 31 61 72 37 41 17 61 55 26 23 21 51 30 12 10 14 38 31 64 70 80 61 55 34 38 39 68 68 63 69 81 73 58 80 72 30 63 96 80 80 91
26 37 67 54 63 80 55 95 77 49 77 60 69 23 55 86 78 60 78 69 102 91 69 68 82 82 97 87 98 94 61 76 88 80 78 55 99 108 77 101 90 120 116 82 44 108 61 92 84 77 74 72 61 92 51 15 24 28 50 15 70 39 55 32 16 16 23 42 11 12 15 35 36 43 60 55 59 62 54 27 35 44 67 62 69 76 59 79 58 31 64 75 82 81 88 85
80 79 70 88 83 84 84 76 74 66 51 59 61 77 38 89 38 69 66 57 58 65 59 92 91 60 67 63 62 83 94 92 88 99 105 50 107 106 76 96 92 91 103 77 76 88 71 87 94 69 70 67 52 79 34 30 23 19 27 53 44 65 37 35 17 23 17 30 10 22 36 42 20 39 64 71 43 50 26 53 65 47 52 68 65 44 50 76 68 53 92 72 83 89 87 90
80 45 86 81 83 103 92 96 78 59 83 99 85 100 117 90 73 59 88 75 58 76 73 78 82 80 68 68 49 50 95 110 97 85 101 79 67 107 72 57 104 95 97 83 82 60 85 80 68 75 75 66 79 68 43 62 36 37 17 70 70 38 17 15 18 18 42 43 67 13 15 20 27 28 35 49 27 40 22 80 26 53 38 57 31 32 78 79 64 62 64 94 81 89 88 94
51 83 64 55 96 101 108 91 98 143 129 76 45 129 151 75 72 70 64 102 82 86 83 81 84 78 56 68 39 80 83 110 87 103 74 103 75 98 72 20 103 95 82 101 81 99 88 97 71 72 57 61 54 57 78 56 25 47 44 62 57 27 12 14 12 12 21 48 46 50 48 46 17 12 21 50 45 47 28 93 62 27 35 35 46 35 88 93 47 81 63 80 71 66 85 77
85 86 85 55 70 88 86 76 89 94 104 112 60 137 148 118 99 86 70 104 103 34 68 55 76 116 78 71 80 87 89 100 83 95 89 78 88 32 94 66 70 63 68 92 92 59 74 64 67 58 75 66 75 52 65 56 23 25 65 13 14 13 12 11 11 23 14 19 13 16 26 9 12 11 23 43 32 29 38 36 35 23 21 33 19 20 87 85 66 63 68 69 60 71 89 57
108 74 97 88 94 91 91 97 66 87 113 119 113 90 125 110 132 68 124 83 87 59 54 48 77 123 101 35 87 87 106 75 83 88 64 80 75 63 74 61 43 61 13 75 56 85 85 88 27 49 79 97 77 74 46 70 39 20 17 11 14 12 11 14 11 12 13 14 12 12 10 9 9 9 19 20 11 13 67 51 38 20 16 36 55 60 68 66 60 64 61 80 68 52 70 60
104 133 71 81 78 123 106 97 104 115 100 98 96 81 113 75 110 135 52 107 70 83 56 53 79 73 84 78 74 63 94 93 85 80 89 79 57 47 60 30 63 12 14 28 17 63 82 77 86 86 56 65 79 69 57 41 16 21 11 13 17 12 11 11 10 10 11 10 9 9 9 9 9 12 10 12 10 19 42 42 35 29 50 51 42 51 45 45 62 47 64 55 31 36 45 65
93 95 100 85 88 127 82 81 77 165 88 95 88 87 60 73 82 81 61 94 66 92 80 70 82 84 64 83 61 86 87 79 84 91 105 85 47 54 12 19 15 20 51 20 17 20 52 65 72 73 63 88 67 65 49 35 13 15 12 12 15 12 11 11 10 11 10 9 9 9 9 9 10 10 12 14 10 25 14 43 44 24 83 14 22 72 36 23 39 51 28 25 25 20 42 50
132 140 81 78 154 114 81 155 104 159 100 89 97 79 135 47 92 68 94 101 78 87 95 74 61 94 76 87 79 40 96 93 82 87 71 68 26 43 17 29 28 14 17 14 20 38 66 65 90 81 85 82 82 69 56 41 32 11 12 13 19 12 10 9 10 11 11 10 9 12 9 11 10 11 11 41 11 11 23 30 41 27 39 35 46 17 27 32 35 41 55 57 33 17 19 21
78 87 100 93 144 148 76 112 95 168 116 104 77 71 97 84 92 81 97 88 77 65 58 90 70 42 70 60 74 60 74 86 81 83 84 61 17 59 15 30 40 19 16 11 39 31 21 57 59 69 67 69 71 73 66 12 18 11 12 11 10 12 12 14 10 9 10 10 12 10 9 10 11 16 13 20 10 11 40 52 46 18 56 22 35 23 46 33 16 76 29 41 13 24 31 10
134 84 99 87 101 86 77 107 118 132 133 115 88 58 77 105 79 88 95 93 88 75 43 84 82 61 46 57 52 53 24 29 74 71 73 42 46 30 26 16 17 21 22 12 38 59 68 68 74 63 66 30 48 70 61 11 10 11 11 10 10 11 15 14 17 17 17 25 16 11 9 10 10 10 12 10 11 11 14 19 32 39 68 15 16 14 10 39 52 15 12 18 13 45 31 16
76 101 93 101 87 87 55 92 101 102 104 114 80 74 68 88 106 101 80 69 101 86 57 48 92 68 61 52 46 47 39 26 40 29 40 18 21 15 15 23 15 37 21 39 13 60 46 78 68 54 41 24 31 58 49 26 11 11 11 12 11 9 10 13 17 13 50 22 18 11 10 12 10 51 12 14 14 11 15 24 38 34 31 12 53 13 44 42 18 12 10 47 19 22 36 9
82 87 91 106 103 81 83 58 79 110 106 98 111 90 100 53 86 79 96 93 109 76 51 44 80 85 53 50 63 36 53 50 57 58 36 28 23 18 15 20 18 18 25 16 20 14 32 75 57 20 33 30 30 63 48 15 11 11 13 12 11 10 11 12 18 21 10 11 11 10 11 11 33 62 69 33 19 22 25 13 17 12 11 12 33 47 67 49 35 60 60 60 28 19 21 85
75 68 96 92 116 87 61 50 59 122 96 100 94 95 108 95 112 98 85 99 96 62 30 56 51 99 70 83 79 60 64 35 29 17 57 22 18 29 26 16 22 15 26 13 26 12 14 48 41 14 14 17 17 17 43 19 11 13 16 12 24 48 62 13 10 19 16 13 12 36 17 16 34 41 27 43 54 37 11 9 10 42 12 15 23 53 54 59 80 29 55 67 39 38 31 51
86 78 42 102 116 68 84 63 40 109 86 51 44 77 69 93 94 57 86 89 124 135 108 76 102 99 89 73 96 87 85 65 24 43 45 34 21 16 31 41 15 13 12 14 15 34 23 14 14 66 27 23 26 14 12 15 18 22 14 25 15 42 72 48 43 43 15 12 17 63 15 13 79 26 97 70 42 75 12 31 12 18 30 27 31 64 52 76 62 53 79 49 36 27 52 34
96 72 69 46 121 121 61 65 60 64 119 82 36 79 93 92 82 42 80 107 110 104 101 86 90 114 64 94 87 109 96 81 74 58 59 35 19 30 42 32 28 12 12 12 12 15 13 14 50 54 55 22 46 13 13 52 45 69 34 30 12 25 50 31 11 16 16 27 20 77 25 35 95 50 50 33 52 42 16 9 26 72 42 28 76 66 48 18 68 22 71 85 25 24 48 32
103 85 102 82 67 106 66 94 60 25 83 59 70 69 89 104 65 81 73 89 86 83 102 119 133 69 88 68 110 78 77 52 68 69 62 46 52 34 37 41 11 11 20 17 28 31 39 28 14 55 40 10 16 16 17 18 58 67 47 26 13 64 19 14 50 53 42 12 76 28 90 52 70 30 37 39 30 54 24 37 48 40 67 41 61 78 47 24 30 48 33 28 45 48 26 81
121 77 78 96 85 96 97 113 107 37 81 57 73 77 81 96 110 74 82 77 64 59 74 86 102 82 123 71 80 76 63 56 79 75 69 88 70 19 38 46 32 15 12 12 26 30 24 36 44 49 35 13 18 12 14 23 23 51 47 31 16 25 13 19 31 35 58 13 18 25 43 19 75 36 53 60 14 68 34 34 51 46 24 44 59 66 45 77 47 35 47 20 17 25 34 35
73 127 112 84 95 96 103 66 90 55 35 84 64 76 69 115 92 86 81 57 98 59 83 73 68 98 109 90 55 92 81 73 77 78 81 64 64 54 44 34 40 35 56 48 48 36 53 42 32 25 31 26 28 19 9 12 18 28 15 48 23 23 68 76 54 44 65 9 41 8 62 33 35 66 11 63 24 66 16 34 26 54 49 40 25 28 46 50 34 29 29 13 24 11 39 78
98 98 102 84 97 76 106 89 50 95 78 79 101 65 78 83 84 102 58 73 58 86 96 84 79 93 106 77 57 104 83 97 42 72 71 85 71 59 42 44 67 58 58 55 66 45 32 55 14 9 11 12 13 11 11 13 14 21 39 21 75 97 27 36 42 45 47 39 8 34 37 13 54 9 98 42 47 78 16 70 73 74 29 52 45 38 14 12 39 34 46 30 22 41 68 66
75 89 99 109 119 85 85 89 71 108 53 51 92 88 96 57 75 83 89 83 84 71 112 81 85 97 92 85 95 99 82 78 63 52 61 53 79 60 63 60 59 67 53 71 51 57 51 40 10 9 12 11 12 12 13 10 14 19 32 35 49 48 18 14 14 35 50 66 19 12 7 10 8 28 17 77 89 22 97 70 54 27 53 67 53 39 29 29 62 52 79 55 79 28 74 77
70 53 76 86 114 73 48 75 57 79 76 60 42 64 48 50 83 81 84 88 84 101 89 95 80 91 64 86 71 64 74 68 44 68 61 67 75 71 64 45 45 22 16 18 37 42 13 12 9 9 11 12 12 16 17 13 14 28 22 38 39 32 16 11 66 56 25 20 15 11 7 9 8 11 14 59 15 34 54 51 75 50 64 39 43 76 79 57 32 57 42 54 42 83 70 60
