doc_trans/result/copy_awx.txt
ncols 1024
nrows 1024
xllcorner 94.52
yllcorner 15.51
cellsize 0.040009765625
NODATA_value -9999
[rows 728 to 779 of 1023, columns 96 to 191 of 1024]
124 124 130 143 117 100 124 136 128 112 103 90 90 56 118 113 99 45 74 146 154 138 141 131 140 139 103 99 112 114 108 83 86 75 100 91 97 69 84 76 57 53 112 126 128 137 126 110 94 99 88 95 77 83 95 118 134 101 112 94 86 82 83 99 95 144 142 131 113 131 142 149 133 109 118 98 33 46 57 67 57 88 94 134 129 115 126 140 141 136 131 152 163 144 117 99
94 109 124 129 124 86 107 119 112 117 121 102 107 95 96 143 141 59 102 105 143 132 146 124 114 106 95 141 128 114 105 112 109 94 99 63 82 127 75 121 114 123 127 125 121 106 80 129 92 77 67 72 74 86 111 119 110 82 85 89 86 82 71 67 111 132 146 132 128 150 148 133 119 102 125 125 106 50 54 83 92 77 99 149 149 126 138 152 143 137 136 130 145 139 114 110
88 120 108 139 97 89 80 105 112 128 116 115 89 47 72 111 118 122 130 139 138 124 117 113 100 94 132 153 129 128 129 139 136 118 77 54 89 104 133 140 131 131 118 90 60 66 82 94 96 81 71 56 83 83 101 115 117 95 87 95 99 78 71 65 119 132 144 136 133 140 140 136 114 109 136 94 83 40 52 95 80 98 129 137 131 132 146 136 153 146 149 147 127 101 144 133
73 82 113 147 104 110 108 82 93 130 133 123 97 62 80 117 114 104 132 137 132 93 91 69 110 103 118 131 132 138 129 111 106 106 102 112 111 128 131 126 129 119 112 93 86 69 51 101 86 63 56 73 72 82 114 121 107 110 106 112 104 85 119 118 136 144 145 147 130 115 140 130 99 80 124 106 81 75 69 84 99 158 141 133 132 128 135 138 141 145 154 153 136 134 124 148
54 56 125 134 122 100 80 114 105 115 140 140 109 118 95 118 123 112 114 116 111 102 56 83 114 131 118 119 133 134 123 121 131 145 146 140 134 130 107 91 97 100 89 94 74 56 80 46 69 51 73 62 76 98 110 103 104 106 115 104 94 95 120 134 153 145 142 153 146 106 97 93 84 110 94 108 89 65 93 88 144 165 152 136 134 132 135 146 150 151 150 159 140 154 144 142
68 64 97 109 90 98 79 128 142 113 133 134 130 128 113 124 136 132 125 123 108 117 105 133 114 113 87 127 134 110 120 137 145 149 151 126 130 111 120 112 102 87 68 79 86 49 32 44 37 51 92 69 72 89 91 104 120 106 107 116 110 116 137 143 145 140 147 147 147 113 88 80 117 111 112 96 92 91 119 115 144 147 135 124 137 136 128 155 163 155 151 138 148 162 170 153
116 107 85 101 69 106 47 97 133 147 137 138 130 101 121 137 149 150 135 131 115 119 111 106 125 127 112 141 132 83 113 153 150 144 143 140 120 132 139 148 130 126 113 67 59 60 35 36 40 62 90 82 65 35 46 84 104 102 94 97 98 116 135 148 144 148 159 150 153 138 112 103 135 122 100 98 119 138 125 142 137 144 143 92 128 145 140 143 146 152 147 139 123 123 155 154
111 109 65 52 98 128 103 78 78 130 140 135 121 100 136 136 145 150 141 127 118 117 121 115 129 121 128 119 125 107 103 143 148 134 132 128 123 115 106 107 123 121 120 81 64 46 39 53 58 62 86 88 72 69 58 81 94 88 82 83 103 101 134 142 132 130 144 121 131 146 133 135 126 128 87 80 89 120 126 146 148 157 161 114 112 148 134 133 131 135 145 159 151 156 153 155
120 114 84 92 114 112 87 55 69 95 131 128 119 118 132 128 149 144 133 116 112 120 131 135 130 120 110 110 132 92 119 91 97 125 123 110 100 97 94 84 73 113 127 110 77 58 58 57 55 52 57 84 72 39 65 69 92 91 70 60 74 110 114 126 141 137 120 131 112 143 139 132 107 102 86 84 106 124 131 157 149 155 164 137 120 144 155 139 147 149 151 156 157 164 161 156
103 113 109 98 94 105 72 31 57 113 113 127 126 129 120 119 145 143 122 116 105 112 134 147 133 104 100 111 85 70 66 85 110 74 97 93 97 103 99 75 59 96 126 122 97 67 57 58 65 73 85 71 64 65 87 72 64 85 63 86 128 108 130 136 141 154 138 132 117 125 137 120 104 101 110 116 130 131 134 135 146 162 149 117 139 147 146 150 150 156 153 158 162 169 153 152
73 115 116 95 94 100 82 35 47 125 128 113 123 124 121 105 130 122 141 141 110 115 132 126 133 110 104 96 53 75 84 85 89 83 107 91 82 92 101 73 66 83 116 127 98 85 75 79 83 115 59 69 106 79 81 86 74 59 60 114 130 139 150 131 132 140 148 126 97 116 120 119 112 98 109 115 131 126 131 135 141 157 140 104 107 155 153 149 152 157 155 167 160 150 143 145
71 83 112 95 92 88 89 80 72 93 97 112 114 116 104 99 94 100 131 139 131 136 127 130 130 126 107 93 66 55 99 82 69 44 96 92 88 86 100 77 76 80 95 111 91 90 84 86 74 130 83 69 110 82 51 74 60 86 88 117 133 138 146 158 154 137 111 104 91 103 112 108 103 97 106 103 113 107 117 120 124 123 121 104 103 107 117 135 154 158 139 144 146 143 135 119
107 94 77 61 89 91 81 93 67 45 65 74 108 107 105 94 106 98 101 119 136 175 120 131 134 129 117 109 80 88 88 88 100 65 50 42 43 79 86 46 72 68 56 75 82 85 81 74 72 111 112 137 107 85 85 74 48 66 122 149 153 140 153 146 141 138 113 106 77 84 120 113 124 124 117 123 122 127 119 106 110 113 103 97 114 132 124 122 138 143 149 138 126 124 123 132
84 86 107 117 112 81 114 103 106 54 28 54 147 114 131 96 117 90 89 92 110 102 119 127 144 141 133 139 107 89 89 79 83 66 43 31 48 37 59 42 47 51 56 54 54 108 103 76 81 101 100 112 117 135 119 101 76 92 105 152 151 135 128 155 124 114 88 93 70 71 90 100 114 103 110 127 118 128 126 117 115 99 87 86 101 141 132 119 139 135 135 129 120 121 141 152
85 86 100 110 94 77 66 68 64 84 123 57 107 132 130 122 131 100 104 127 116 112 115 140 159 145 133 124 126 95 79 58 86 52 26 56 21 49 24 34 32 29 50 101 86 81 100 85 81 87 110 98 117 143 133 103 95 82 149 142 123 116 112 147 143 119 70 93 72 35 87 85 109 89 114 129 120 128 119 121 115 103 88 74 83 153 168 153 158 157 143 138 123 128 127 168
103 98 82 74 67 80 73 65 85 81 90 80 46 114 135 125 128 119 129 154 129 106 132 140 147 148 127 117 105 94 84 89 81 34 24 43 26 55 107 93 26 62 103 43 46 77 111 95 110 94 113 96 141 132 125 118 122 143 152 133 113 89 81 127 106 73 52 49 40 46 63 98 92 118 131 129 120 118 117 119 125 115 103 84 94 137 171 169 168 177 160 158 153 144 147 145
98 92 80 90 82 82 70 83 115 133 121 105 34 83 135 127 124 109 110 147 138 109 131 139 136 134 125 126 145 90 80 70 28 121 121 20 26 97 107 66 78 142 88 37 46 77 103 103 113 114 133 121 135 147 127 113 140 166 163 143 127 104 87 64 75 77 59 71 54 25 39 98 120 122 134 150 128 104 132 124 118 110 98 98 88 119 149 148 143 175 148 139 141 146 158 138
121 89 65 68 55 53 94 106 139 157 133 109 121 149 107 93 124 109 107 144 121 104 134 147 129 134 125 125 129 115 93 71 81 129 90 109 73 77 68 60 122 147 153 94 74 76 113 119 104 120 122 139 124 162 154 127 135 155 162 150 132 108 75 71 65 73 103 91 100 61 74 100 118 123 124 138 148 117 129 131 136 103 88 128 128 139 139 128 136 158 130 135 144 146 154 184
132 115 83 66 86 49 65 101 138 144 138 120 103 144 105 93 87 100 103 131 104 103 126 142 145 126 108 118 115 116 100 84 87 35 43 88 94 61 93 52 87 90 80 83 78 83 126 112 89 118 113 136 164 150 143 144 150 137 144 157 139 107 56 58 80 94 70 97 115 99 77 75 89 118 128 139 142 136 127 109 152 159 114 156 155 139 153 151 157 147 142 142 154 153 149 158
146 135 116 102 84 57 61 116 115 109 119 124 95 100 87 95 75 69 75 112 91 100 136 127 131 124 108 121 115 104 91 106 84 39 29 91 104 103 68 65 46 63 104 82 97 73 57 79 62 98 127 132 147 159 144 125 129 147 132 146 152 120 81 58 43 96 122 85 111 114 124 86 86 95 144 148 150 147 134 143 167 173 169 146 146 131 162 171 149 149 161 154 166 165 155 165
143 147 144 136 123 109 95 114 129 124 133 109 96 86 77 95 76 80 121 107 97 93 108 137 130 130 120 117 125 83 95 91 78 55 96 94 59 77 74 61 89 117 119 114 110 143 105 87 81 151 124 116 148 139 151 147 129 127 107 109 106 98 73 58 59 91 103 121 100 118 85 80 106 114 146 151 148 152 141 132 129 154 160 165 127 139 153 160 152 161 149 157 157 156 155 174
143 144 152 143 133 117 104 118 132 136 138 129 105 78 64 79 99 93 102 103 105 97 100 137 144 147 127 135 109 99 80 89 104 103 88 65 50 71 41 75 93 113 112 92 107 90 88 93 102 124 100 87 132 152 139 147 127 130 121 122 67 21 39 50 62 105 108 101 105 88 72 87 114 135 152 154 151 143 152 136 137 141 166 143 129 110 150 150 153 157 166 170 170 169 166 163
138 135 140 146 136 127 104 104 131 131 141 142 118 78 88 102 103 119 131 131 134 91 102 132 161 148 146 139 127 94 78 84 113 94 62 86 130 113 88 80 81 95 122 116 120 91 90 106 132 125 70 96 123 138 157 132 141 85 70 69 31 36 21 31 48 101 120 131 106 86 60 100 113 139 145 156 158 156 153 157 145 142 139 104 75 105 133 158 167 162 168 170 171 162 172 172
137 129 128 123 136 120 122 121 129 137 132 151 153 127 103 88 91 117 118 112 120 126 134 153 161 158 159 141 138 116 101 92 103 85 104 124 92 75 71 103 90 95 86 83 101 86 53 86 71 82 67 110 132 132 130 149 105 63 61 38 48 22 31 64 73 55 112 133 117 112 86 78 106 102 125 152 159 153 148 151 146 143 136 126 103 109 138 147 157 168 163 169 179 165 169 172
131 126 126 126 123 136 134 119 122 124 133 146 149 154 140 118 124 113 98 90 62 90 117 140 154 160 152 151 155 128 106 86 94 109 104 97 97 90 65 78 106 104 75 77 80 47 111 137 102 94 63 88 86 107 89 118 86 82 55 39 17 29 57 44 83 54 69 80 109 109 121 126 128 108 120 117 127 107 133 137 141 137 154 154 113 117 154 165 162 161 161 172 178 172 162 168
119 118 116 109 99 111 139 138 141 120 109 132 138 145 152 143 120 89 88 93 65 56 138 150 141 161 164 150 159 146 117 106 103 105 81 80 69 48 68 82 89 128 112 126 98 40 59 72 55 51 65 40 30 24 36 53 58 68 69 72 63 65 77 72 97 78 59 81 60 64 57 98 109 121 99 112 119 94 117 135 151 132 139 161 145 139 155 158 161 159 151 167 168 157 152 152
118 125 119 129 128 98 136 135 138 134 114 110 130 141 136 133 139 121 93 76 52 97 127 142 135 130 147 137 138 110 92 86 95 103 75 73 82 106 95 84 110 118 118 107 133 139 45 56 35 47 42 63 43 50 67 81 85 77 77 82 91 94 100 90 84 75 34 20 28 42 55 29 80 96 107 121 109 112 151 156 144 138 143 154 153 159 150 154 150 155 145 163 167 151 147 149
133 115 135 139 143 131 111 120 125 129 144 132 138 130 120 106 122 129 96 102 58 64 125 127 108 88 112 122 114 95 88 92 104 108 121 113 132 129 134 138 112 81 83 70 46 56 65 40 79 70 60 76 50 67 73 71 49 53 54 70 81 90 110 98 69 56 70 55 36 60 86 76 87 101 115 119 115 132 153 144 150 145 146 140 169 162 148 164 161 156 150 163 168 142 142 121
118 123 139 150 144 132 124 110 121 130 149 130 112 110 114 97 109 118 96 97 86 72 117 95 69 74 90 81 71 76 120 119 121 126 139 138 124 123 125 130 123 94 104 87 52 33 44 42 38 71 46 75 62 64 89 90 107 108 116 93 88 125 107 123 115 131 122 113 94 102 119 122 128 129 135 120 115 133 147 151 144 146 146 139 152 142 152 146 167 151 159 161 171 151 136 119
83 120 131 143 131 121 117 119 110 120 112 127 124 111 104 90 95 97 108 76 71 52 34 43 51 51 49 69 61 77 103 120 133 137 131 132 135 124 101 138 108 95 92 85 73 77 86 72 65 69 70 83 56 77 112 78 74 80 109 115 108 127 116 117 95 112 124 145 157 137 144 138 150 122 133 117 123 139 165 152 152 135 127 125 127 137 136 147 161 147 156 165 168 144 126 133
99 90 115 124 119 97 104 112 116 113 105 97 107 109 70 82 66 100 106 83 48 64 38 59 112 110 126 113 72 135 113 136 142 145 135 123 128 130 123 115 92 91 85 77 51 64 77 65 61 76 77 88 71 68 97 104 130 100 110 127 141 120 121 133 131 138 118 145 171 160 153 159 155 148 122 119 113 125 152 142 152 142 125 107 118 138 139 127 151 152 151 154 150 133 114 108
89 110 102 110 118 103 59 90 102 111 106 90 51 49 56 79 89 85 54 84 83 68 94 123 125 97 116 129 144 153 156 120 135 155 141 136 126 120 122 110 95 80 77 46 52 55 64 63 51 57 107 104 105 74 77 74 92 124 114 136 136 131 151 152 145 140 144 154 163 152 153 146 139 127 127 146 145 158 148 145 137 128 108 103 131 156 131 159 165 155 150 153 142 117 100 100
110 70 90 110 121 109 95 100 96 72 70 60 40 23 35 123 79 75 56 59 156 137 104 116 30 83 95 147 132 126 136 154 141 119 128 137 133 120 126 122 109 91 65 54 51 88 48 22 60 56 45 108 101 100 93 113 123 129 126 134 138 137 131 154 156 140 159 160 160 145 155 140 125 103 122 125 141 138 144 147 132 118 126 122 139 144 141 162 162 143 142 133 130 112 68 68
100 93 109 105 125 95 97 100 105 101 72 63 75 44 91 27 41 129 60 55 92 111 112 100 66 70 148 135 121 101 124 180 129 144 127 128 128 122 109 107 111 96 75 51 58 42 34 53 53 94 69 88 111 99 134 141 149 136 128 113 132 160 155 164 166 154 148 156 161 151 140 132 118 113 113 126 135 135 133 142 139 139 124 114 139 142 126 164 159 147 143 128 113 103 80 84
69 120 58 111 116 106 118 119 116 128 124 123 136 135 103 147 107 90 62 48 56 106 90 81 106 104 140 157 135 129 106 146 151 142 128 117 120 118 106 87 95 91 69 44 48 51 44 32 94 96 78 101 118 136 131 130 120 131 132 132 130 151 163 155 160 154 146 154 145 136 126 106 112 102 118 124 116 127 127 133 143 147 132 134 146 148 148 131 163 151 135 118 126 121 95 69
68 42 139 69 90 129 123 127 121 131 138 130 128 145 113 154 78 100 50 49 47 127 107 116 135 176 155 161 140 66 142 106 109 123 128 118 115 119 109 96 87 51 76 60 46 32 46 61 105 114 101 126 141 121 153 143 119 120 116 115 134 139 142 140 141 156 148 139 139 135 116 117 111 115 118 123 109 107 127 136 150 120 120 139 135 155 143 143 170 166 122 106 80 99 91 68
75 67 47 23 56 116 121 133 126 119 136 130 116 95 107 125 100 60 44 62 69 126 86 87 161 169 146 124 98 82 137 135 114 116 121 117 112 101 75 77 65 27 31 82 83 86 81 83 133 127 129 121 139 132 144 120 121 108 103 130 139 137 146 147 130 121 148 144 127 136 132 141 133 125 121 127 133 127 144 152 139 91 109 140 151 132 173 147 153 145 114 67 101 92 100 116
134 117 60 66 66 28 119 137 119 123 119 151 130 111 88 80 77 48 42 65 85 99 99 108 116 105 77 95 76 77 58 107 99 86 104 104 96 77 60 30 40 47 44 57 113 127 95 100 105 101 114 109 134 138 119 103 109 97 117 129 103 133 137 115 98 122 132 125 127 124 124 116 134 140 131 117 130 124 130 146 128 101 120 139 150 175 163 157 148 152 151 140 75 103 115 124
107 113 109 54 111 113 93 102 106 89 92 153 130 129 64 37 63 70 39 56 69 100 94 91 87 99 96 99 70 80 64 103 102 80 82 74 73 69 45 39 53 79 52 62 78 89 112 106 107 121 122 111 120 124 114 100 84 112 117 133 121 135 136 119 107 124 109 96 109 113 121 116 114 132 130 120 106 120 121 123 126 122 138 166 170 154 169 136 137 160 123 106 83 124 120 124
66 65 108 145 111 102 56 126 100 125 70 96 135 108 80 118 52 49 60 62 68 115 112 71 58 110 73 54 59 78 53 96 103 98 78 63 72 82 65 54 52 56 102 119 116 83 89 104 108 118 131 126 124 130 127 120 114 131 123 141 149 144 130 117 110 106 101 103 118 117 105 97 117 116 67 75 65 113 130 109 112 152 142 155 176 160 147 128 124 112 100 104 126 116 96 79
81 78 104 151 145 102 60 113 92 101 104 97 91 78 87 103 123 105 78 37 70 67 63 87 104 103 78 60 82 111 112 102 82 91 86 59 92 74 62 85 107 109 112 124 123 103 108 111 111 115 110 110 117 145 152 143 139 126 132 136 139 123 119 98 103 108 112 112 113 100 96 106 102 85 86 74 66 101 99 111 130 141 121 157 141 148 138 122 120 141 73 109 122 108 92 80
116 102 93 138 158 132 46 76 133 97 120 97 85 66 128 124 101 78 50 39 54 58 122 110 124 112 108 75 98 102 107 87 78 74 81 80 103 90 101 104 109 136 125 138 128 117 113 112 131 112 95 93 100 136 158 145 130 118 130 129 126 128 111 99 107 114 113 106 99 106 91 74 75 66 75 95 94 84 80 131 154 130 148 137 140 135 127 140 132 131 98 105 104 91 88 91
170 165 107 79 143 90 35 123 158 124 125 110 87 96 111 114 81 63 34 56 64 103 141 105 124 115 98 66 84 83 102 106 81 73 66 106 106 98 100 98 94 101 117 126 114 106 84 99 123 97 105 110 125 135 144 154 144 147 141 127 135 129 111 96 91 86 99 100 115 123 86 97 85 95 81 122 117 119 79 152 162 144 148 161 137 83 147 117 112 102 110 100 77 74 87 93
181 117 108 78 91 115 90 122 155 139 110 106 117 124 115 140 128 133 120 119 131 142 123 115 122 111 86 67 54 75 88 44 91 62 86 82 83 88 104 102 115 120 108 119 132 85 98 103 117 121 123 116 123 138 145 157 155 160 143 134 116 105 100 93 85 104 103 111 112 120 132 124 128 164 112 98 92 97 101 128 127 135 164 173 152 155 155 101 94 83 77 74 69 73 84 110
197 170 162 61 58 107 110 101 110 147 131 119 116 92 104 130 127 128 118 98 132 137 125 141 124 105 98 59 31 34 46 58 86 95 102 112 85 98 108 107 124 109 112 127 129 112 133 123 126 128 133 129 143 136 152 160 143 145 134 136 100 101 93 137 152 154 141 153 155 148 137 147 145 183 164 136 95 78 105 101 115 157 134 144 146 159 127 87 47 55 58 73 80 89 98 115
118 178 144 92 79 35 99 132 152 161 164 157 136 128 135 132 118 105 82 95 111 134 131 125 117 95 88 47 39 64 80 78 88 85 92 83 77 78 84 128 124 112 129 136 130 121 142 137 134 144 143 123 147 137 143 117 139 144 134 117 114 108 131 162 169 171 171 170 157 155 144 156 158 156 156 107 103 71 95 125 150 132 105 120 167 95 63 103 75 73 63 66 80 98 109 83
99 156 165 145 99 95 130 147 153 143 182 163 133 142 150 144 126 107 91 107 127 143 139 126 123 104 109 91 64 68 58 98 123 106 110 104 129 109 98 117 115 93 133 129 136 148 145 134 135 146 142 141 138 147 138 123 135 143 150 147 133 139 142 153 178 191 175 155 145 155 140 126 138 145 65 51 71 88 97 53 130 122 133 131 109 78 50 71 73 69 95 85 89 104 91 64
145 161 156 144 140 142 164 154 138 141 162 151 133 118 140 143 138 117 116 117 138 136 127 117 110 116 132 125 114 118 108 119 151 139 114 95 121 140 91 107 118 112 107 134 149 152 135 138 135 154 168 144 135 132 144 147 150 152 153 148 150 135 177 163 164 149 162 157 134 163 100 142 163 107 81 77 50 62 109 123 138 142 139 100 65 71 73 77 87 109 114 110 112 110 94 87
111 147 96 133 134 147 147 134 152 166 165 156 144 174 160 147 151 144 111 140 141 141 140 146 127 128 129 127 136 131 128 118 127 150 143 124 108 125 131 115 101 102 141 120 145 143 126 132 135 154 155 140 146 144 170 162 150 152 157 167 173 144 169 189 175 158 153 162 130 144 132 166 149 138 78 33 43 24 80 143 146 124 110 89 58 73 88 78 89 122 114 125 115 110 104 131
87 118 125 110 132 135 141 130 159 172 173 185 179 166 172 160 159 157 104 120 114 146 143 143 108 104 124 117 119 117 114 121 117 148 135 180 165 170 97 143 127 129 127 140 147 136 130 136 146 152 162 158 160 162 182 166 156 149 156 157 131 141 144 180 179 188 183 164 105 164 178 136 129 104 93 150 91 19 73 135 123 112 97 100 85 83 91 87 101 117 112 113 99 128 142 144
77 109 109 105 130 145 146 152 178 187 186 182 194 180 152 149 165 166 146 108 125 139 135 125 119 147 146 131 120 107 95 116 111 110 71 50 92 111 114 137 115 131 136 146 140 141 135 144 155 163 156 167 183 179 195 151 148 147 141 117 109 119 148 164 164 179 206 171 125 127 127 135 98 92 73 63 34 49 100 119 108 96 102 72 80 88 85 78 92 81 101 110 109 129 147 150
49 101 81 104 118 142 171 178 195 191 191 172 193 190 153 124 125 185 143 110 103 114 130 130 134 171 167 155 144 136 107 82 95 92 85 52 91 64 125 125 66 118 133 142 153 137 132 139 159 150 172 168 159 169 158 149 140 134 149 134 139 108 112 134 157 144 167 151 112 77 105 54 85 62 85 83 82 84 77 98 120 106 89 64 84 60 71 88 72 83 96 128 140 142 150 153
