doc_trans/result/copy_awx.txt
ncols 1024
nrows 1024
xllcorner 94.52
yllcorner 15.51
cellsize 0.040009765625
NODATA_value -9999
[rows 0 to 51 of 1023, columns 384 to 479 of 1024]
86 87 94 92 92 88 85 84 88 81 84 83 81 81 82 79 81 83 81 76 90 89 82 77 78 74 74 76 81 86 87 91 90 100 103 102 95 90 89 92 95 103 105 102 100 98 94 81 89 86 97 95 84 76 95 98 87 82 85 92 91 113 108 96 83 71 77 76 78 78 79 68 65 58 54 40 33 47 45 32 47 65 38 40 56 59 54 67 42 60 71 72 77 63 63 52
86 85 90 88 92 91 88 83 84 90 87 85 84 86 83 85 82 84 84 81 74 76 78 76 74 75 71 72 69 78 77 79 91 88 94 102 99 99 91 88 84 97 102 102 104 100 93 91 91 93 96 99 99 106 86 101 103 91 87 97 83 93 101 105 90 73 65 77 78 75 74 81 71 63 62 61 54 50 44 42 44 45 38 25 69 54 41 30 41 61 52 71 71 63 59 38
86 87 81 79 82 88 88 83 86 86 89 86 83 87 88 91 83 83 84 84 77 76 71 70 72 76 75 70 69 69 77 77 82 83 84 87 94 99 100 92 83 86 88 95 100 103 102 87 86 86 85 99 104 101 99 96 99 96 93 94 89 87 92 90 87 76 62 65 61 64 60 62 78 85 93 79 77 63 52 43 40 43 38 49 51 74 60 65 45 36 23 26 53 68 66 49
85 86 85 78 77 78 84 89 90 91 88 88 84 80 82 87 89 83 82 74 74 75 69 66 68 76 68 65 69 69 71 76 75 79 68 67 70 94 100 104 99 86 84 85 94 95 88 101 76 81 92 80 103 112 102 101 97 102 96 95 95 88 83 91 89 72 56 59 69 63 66 61 72 85 79 79 84 79 68 65 63 60 59 48 57 64 53 47 42 21 20 20 22 52 43 34
79 88 83 82 77 83 90 89 85 87 86 88 89 85 78 78 85 86 81 79 71 72 69 66 60 72 76 73 69 68 67 71 80 82 81 63 73 83 102 86 97 103 83 73 83 79 82 91 88 73 72 89 77 107 82 87 90 88 89 101 105 93 86 81 77 71 79 97 85 86 77 75 74 92 92 83 79 74 61 71 63 68 75 72 69 64 48 39 26 23 25 39 64 76 50 56
69 77 85 81 73 81 86 88 87 83 81 81 82 80 83 83 76 81 83 83 75 71 75 59 66 73 84 78 70 68 63 61 66 69 83 87 90 96 98 91 84 96 91 86 75 83 91 86 74 82 66 68 35 73 70 64 60 71 80 80 100 103 100 90 80 72 81 90 97 95 89 96 75 68 87 85 79 74 55 25 32 50 66 78 70 62 56 46 47 29 31 49 57 73 69 71
61 66 77 77 76 73 81 84 86 84 81 79 82 80 80 80 77 81 81 80 83 68 68 64 63 73 73 83 82 75 72 66 68 67 74 87 75 72 81 93 84 88 79 85 65 80 77 99 75 66 60 57 68 60 78 67 74 88 92 89 83 76 81 88 81 73 79 84 82 78 89 87 88 74 79 76 62 57 43 24 47 65 76 81 74 59 45 35 46 55 44 48 54 72 77 79
62 60 62 71 59 72 76 79 80 82 83 81 81 84 82 78 73 76 77 80 74 65 60 64 64 65 69 79 79 96 87 76 70 71 69 67 65 63 59 59 64 69 63 93 71 50 80 79 91 87 84 74 66 67 60 61 52 82 107 108 104 87 78 76 73 78 70 71 72 68 71 84 86 87 77 72 63 52 48 39 64 74 74 68 65 66 48 39 47 49 47 68 71 71 66 73
57 56 48 45 50 63 69 70 70 68 70 79 85 83 84 84 75 75 72 75 80 70 58 57 66 68 68 72 75 72 73 82 76 74 69 75 81 68 65 64 69 71 61 79 73 81 66 99 96 87 93 94 80 69 65 70 73 71 89 89 91 88 76 64 73 71 68 62 62 67 62 75 81 83 90 79 63 56 43 58 62 93 102 81 66 59 47 45 36 28 57 62 66 70 73 67
49 45 43 44 52 46 49 52 53 57 60 72 82 81 80 80 75 72 72 75 88 79 72 59 58 66 62 62 62 65 69 69 68 74 74 82 80 79 70 65 83 63 72 55 60 66 67 72 97 90 80 94 86 74 74 65 75 76 84 81 84 83 71 50 66 69 73 77 82 77 70 70 72 87 81 69 70 50 57 88 82 74 68 89 80 66 41 45 44 41 56 48 58 74 71 62
56 54 57 45 44 60 58 48 39 46 48 67 77 78 81 77 72 70 66 70 83 85 79 75 72 68 70 55 52 61 72 71 71 80 81 83 83 85 86 73 63 58 60 67 62 67 70 82 90 90 77 71 78 71 70 67 60 69 72 70 71 77 76 75 62 62 60 86 86 80 84 82 92 73 78 70 70 77 69 69 83 79 72 67 61 52 59 60 73 57 60 69 57 64 66 65
61 65 68 69 68 67 68 69 55 48 61 63 72 81 84 94 78 73 75 68 66 68 69 68 63 74 69 66 54 61 65 77 72 70 71 71 75 74 71 65 67 72 57 49 67 73 71 80 77 76 68 65 69 66 76 65 68 71 57 71 65 63 81 81 75 66 66 62 81 90 70 72 113 91 70 72 68 77 54 63 97 76 81 75 71 71 67 68 68 74 66 76 80 75 68 62
71 52 64 84 90 82 70 75 68 65 55 49 39 55 77 83 84 77 75 72 81 67 54 63 68 66 68 69 67 65 55 55 66 70 71 67 69 78 86 85 64 66 72 66 64 60 67 68 76 66 58 69 64 74 69 70 65 78 74 66 65 74 98 91 84 79 53 64 67 72 68 95 79 98 64 86 90 85 63 75 82 85 81 101 88 92 95 76 76 73 66 66 72 78 78 71
63 73 75 58 80 78 72 78 80 61 45 44 53 35 55 62 83 86 75 72 68 82 77 67 77 80 68 71 77 64 55 62 65 70 69 70 72 75 80 90 80 69 71 63 54 54 54 56 65 62 44 45 68 64 73 64 61 58 83 73 91 87 95 89 89 86 86 82 73 59 59 60 86 80 76 74 82 81 72 67 78 81 81 68 77 83 95 98 94 95 87 91 70 68 83 80
64 58 61 75 77 71 82 73 89 61 42 55 62 44 40 51 72 80 81 74 69 86 96 84 91 77 76 80 83 61 65 79 71 90 70 82 71 72 77 80 88 73 67 62 54 46 47 49 52 45 71 63 52 61 54 66 62 79 79 78 92 85 75 77 84 86 84 75 66 73 62 48 62 91 61 56 81 89 76 81 78 70 63 44 82 74 71 92 97 99 84 86 89 73 74 75
51 48 49 66 80 76 77 81 63 47 45 40 57 55 37 59 40 60 80 75 70 59 65 69 71 83 68 60 64 74 61 67 60 68 69 76 73 70 75 83 78 75 53 58 56 57 44 55 65 85 65 77 80 75 69 69 64 83 82 69 73 74 95 82 78 90 86 79 80 65 69 84 89 80 78 67 74 83 74 75 78 83 63 71 62 38 31 80 80 75 86 86 80 67 71 68
52 58 54 34 71 77 76 67 50 55 61 73 62 67 58 53 64 50 52 53 74 68 59 58 81 63 61 37 36 28 71 74 64 65 84 71 64 67 50 64 68 78 78 46 55 77 66 63 69 60 79 89 89 81 86 75 69 62 64 77 83 68 84 89 95 84 75 78 72 77 76 82 72 85 75 57 58 67 80 64 76 61 69 61 57 51 36 46 49 70 95 77 72 68 62 53
81 71 35 33 31 61 50 47 48 90 77 47 65 67 50 66 59 71 60 62 62 85 75 74 85 74 76 62 70 49 34 32 51 38 65 80 75 76 58 63 42 62 69 82 81 69 69 79 84 88 94 96 91 88 92 87 63 51 57 57 70 77 70 78 97 84 95 80 73 80 75 60 86 59 67 71 54 29 58 67 74 63 58 60 53 28 33 32 65 87 41 61 105 63 82 66
73 76 76 37 49 36 38 57 56 46 45 56 72 65 61 54 62 52 51 63 61 80 88 70 76 74 95 98 55 57 52 58 70 57 56 59 55 63 68 64 72 64 79 72 79 76 76 75 88 91 92 92 91 84 84 83 79 69 57 57 65 73 73 58 74 82 84 82 78 80 78 78 73 68 66 51 44 60 62 49 61 61 43 65 65 49 40 15 25 58 67 100 81 55 45 66
76 79 94 93 88 76 72 82 61 46 48 44 67 45 62 58 42 59 62 65 61 75 65 82 79 80 66 71 85 72 53 58 60 80 73 76 72 65 75 82 81 82 74 76 79 79 77 79 80 81 83 84 86 85 83 82 81 74 75 75 62 59 71 74 58 66 79 78 90 76 48 73 80 81 56 49 30 51 65 50 66 43 44 63 72 55 19 14 19 48 44 56 56 76 72 49
79 85 84 85 91 85 80 72 73 62 64 69 74 48 48 63 60 53 54 85 52 45 49 70 80 82 79 78 72 74 47 55 61 72 89 88 86 88 90 90 86 86 86 71 60 71 77 70 81 81 72 75 83 81 77 76 71 67 73 75 73 71 59 57 72 76 76 64 85 73 64 43 59 78 63 23 22 51 35 73 34 45 60 39 80 75 43 14 62 33 25 29 48 49 69 39
86 86 82 78 85 86 77 80 77 77 80 75 80 79 49 67 77 63 37 55 94 80 78 85 81 79 84 76 100 92 73 78 78 64 52 70 84 89 84 90 83 84 79 76 70 67 66 72 74 63 72 65 73 74 70 73 65 65 71 73 70 72 60 58 48 67 79 88 89 70 64 50 35 69 46 40 59 41 45 52 44 40 33 32 68 65 66 39 59 24 57 53 42 43 56 27
58 87 77 81 82 76 82 72 73 80 83 78 69 86 71 64 74 69 59 41 63 56 72 91 87 89 83 87 105 107 104 88 94 82 77 60 65 62 93 81 86 82 81 80 76 69 69 65 69 65 61 72 67 64 58 58 61 62 58 72 72 62 60 56 51 52 63 76 87 90 77 59 57 56 58 45 38 38 28 37 36 47 63 56 56 34 60 65 42 23 31 33 53 34 19 30
81 84 85 83 83 84 82 90 78 80 82 69 81 85 78 65 83 80 68 75 86 68 84 82 75 85 86 87 98 121 102 98 98 89 77 77 94 84 75 66 75 64 41 75 74 58 62 63 57 61 51 55 66 54 54 49 52 49 53 55 63 60 66 62 51 65 55 74 68 81 83 66 60 59 50 49 47 46 34 42 48 53 75 60 41 46 34 32 42 14 16 28 28 14 17 19
80 86 88 88 85 83 88 86 72 73 77 85 75 82 85 78 80 82 79 94 88 68 81 80 74 76 82 82 79 84 125 116 109 110 84 68 91 91 91 85 69 48 59 75 57 70 75 81 43 44 59 57 45 52 40 35 51 34 36 55 44 60 60 58 64 42 40 33 55 71 72 78 56 77 67 56 59 48 35 28 39 61 62 50 57 46 55 45 31 20 16 42 61 14 12 15
86 86 83 86 95 92 90 87 83 77 82 83 84 87 66 82 78 83 82 84 92 93 90 68 72 89 72 54 55 62 83 90 80 107 81 75 70 85 92 88 72 61 51 48 64 53 41 46 59 58 46 52 35 50 55 45 39 39 48 36 33 36 63 42 50 56 34 23 29 59 26 55 40 34 67 53 55 43 32 24 21 41 34 49 70 60 57 35 35 42 20 50 31 13 32 34
87 85 86 82 87 83 82 81 83 83 87 80 86 95 88 86 87 89 86 87 86 82 77 84 70 54 73 79 63 86 79 65 70 68 86 90 56 83 98 68 85 62 53 84 76 63 38 50 45 43 45 48 51 53 42 41 55 29 36 48 32 26 39 33 28 26 38 46 43 38 48 55 48 46 54 47 62 48 28 46 23 20 33 68 48 34 40 28 26 31 39 50 21 36 52 48
75 81 79 87 88 92 86 79 79 85 78 86 87 87 80 73 82 78 78 78 71 84 54 72 70 85 88 83 85 73 75 60 68 74 66 89 91 81 72 83 80 77 69 65 75 68 66 43 40 40 35 43 40 39 48 41 39 35 29 38 35 27 28 30 22 51 62 37 44 41 69 44 52 63 52 43 53 37 46 22 21 31 41 41 43 20 15 22 72 55 68 53 27 13 50 31
81 86 82 86 90 82 91 77 85 92 94 89 93 86 82 77 58 53 61 73 52 63 75 69 82 74 75 87 83 72 75 64 65 74 81 65 66 82 76 70 85 74 76 78 71 80 76 72 70 50 43 41 41 39 39 31 22 29 40 34 26 28 22 37 31 40 69 60 49 52 66 50 78 48 37 62 59 41 50 25 24 23 26 39 18 20 60 24 32 71 55 29 23 33 15 16
86 89 93 88 92 74 80 81 83 82 89 93 98 90 82 66 59 42 53 59 63 44 38 64 70 74 68 64 77 74 65 73 73 77 82 72 37 53 53 76 74 72 67 75 74 71 81 85 77 72 55 62 48 40 28 17 57 53 39 55 51 47 44 42 58 57 32 41 41 41 79 57 51 64 57 36 31 57 63 34 47 21 33 43 30 38 38 55 50 34 49 28 17 27 36 21
83 90 88 82 84 83 85 82 84 82 81 85 92 96 78 62 56 56 47 42 48 47 50 52 67 74 71 83 70 75 65 69 67 68 75 76 73 66 76 46 71 68 73 80 77 76 81 77 77 69 69 70 54 40 32 20 44 55 75 62 17 23 33 50 48 62 74 49 67 42 57 55 69 57 32 29 51 51 48 74 40 45 50 18 12 25 16 40 17 49 18 39 39 42 38 14
86 87 84 86 81 76 83 84 79 87 92 83 84 88 72 47 49 35 49 52 29 32 43 32 66 79 82 80 71 76 66 65 56 72 86 64 79 85 78 72 69 72 76 77 69 70 70 66 79 65 67 76 64 46 66 48 45 61 59 31 49 60 67 37 42 57 78 56 50 61 68 62 72 66 37 27 47 43 62 63 40 57 79 25 25 12 34 55 22 16 21 20 35 21 17 37
74 80 88 86 87 84 83 98 92 76 90 93 92 75 65 44 36 37 56 45 25 31 31 34 74 71 81 76 79 54 48 64 68 78 70 83 81 84 90 88 63 81 80 69 61 63 72 67 72 69 75 67 72 75 62 52 51 74 78 46 47 21 22 48 48 59 70 67 74 65 62 69 73 63 39 60 34 44 59 67 60 24 45 60 31 47 60 40 18 14 16 13 46 49 41 16
80 88 89 88 94 90 88 90 89 94 89 82 85 72 53 58 30 29 26 38 86 66 57 35 58 85 59 77 69 60 66 54 64 72 75 76 76 80 81 81 80 69 74 82 67 51 56 63 51 52 69 62 63 62 56 52 47 44 55 78 71 42 48 42 64 65 51 68 68 71 79 55 67 48 47 50 47 40 23 31 55 49 52 41 75 25 29 30 21 13 14 22 36 32 44 14
87 93 91 93 94 94 84 82 82 85 88 83 75 49 54 38 26 30 26 54 68 75 90 75 46 42 62 70 69 65 65 70 75 77 70 74 77 74 75 72 68 83 80 84 73 57 49 63 50 56 66 60 60 63 73 72 69 50 69 75 53 52 30 68 64 69 78 56 68 64 66 47 70 75 56 58 53 39 53 47 34 84 41 54 29 35 35 61 25 13 14 16 16 29 17 18
93 90 87 87 94 94 94 87 82 89 88 77 74 58 60 44 26 37 53 70 71 41 71 89 64 65 66 57 52 80 66 73 69 77 76 72 77 77 77 57 62 69 81 83 78 67 64 69 61 48 70 77 68 58 70 75 60 69 65 65 73 62 63 49 68 68 47 65 59 66 53 59 78 69 69 53 65 52 67 25 33 63 57 47 63 45 32 19 19 15 20 26 34 48 36 14
87 92 89 82 84 88 86 89 85 86 85 68 60 50 26 31 19 33 48 42 25 31 52 71 61 64 74 82 66 73 81 89 72 65 65 76 66 72 68 68 67 70 69 92 84 59 77 60 66 57 63 62 66 76 57 71 58 61 68 85 71 78 70 63 44 61 47 52 58 61 68 61 39 42 67 72 69 48 43 54 58 46 43 58 76 77 41 40 17 35 52 23 20 23 14 18
81 87 80 78 78 79 78 78 66 66 76 76 59 18 18 23 22 28 41 49 19 43 37 48 74 66 68 50 54 62 63 66 87 82 80 69 72 71 61 75 80 84 69 83 73 69 76 62 60 81 50 75 72 65 53 43 55 67 65 52 60 63 72 71 56 57 65 57 29 81 73 70 74 69 76 66 67 31 63 50 53 67 67 66 68 78 69 58 68 54 59 33 14 16 14 17
103 89 89 82 74 69 70 64 63 66 73 60 66 59 23 23 22 26 47 20 23 28 40 46 65 68 76 72 53 47 57 71 73 77 77 81 69 83 83 83 86 82 69 81 59 72 77 67 65 60 55 83 76 85 69 70 65 55 64 77 71 74 72 41 42 62 49 63 56 40 65 68 65 52 54 46 18 39 49 50 42 59 71 76 47 76 57 65 34 61 61 60 36 43 27 15
79 68 63 68 67 61 68 65 63 42 68 70 50 35 23 18 24 21 16 17 18 20 30 54 44 60 71 77 68 80 77 81 86 81 85 86 85 87 81 66 79 71 69 75 53 70 81 80 61 48 70 71 76 73 75 78 79 77 86 68 70 68 62 53 58 66 53 57 49 62 78 71 76 55 33 53 30 56 66 42 68 45 74 80 71 54 73 73 65 61 69 57 62 51 46 25
63 62 72 65 62 73 69 80 73 66 71 71 39 18 19 20 17 26 25 21 29 18 18 25 34 61 68 69 77 79 76 77 84 83 86 82 83 76 66 66 72 68 72 74 67 69 78 78 77 78 77 55 77 72 76 75 78 83 77 78 71 75 67 56 57 40 54 52 68 73 72 75 70 72 54 33 37 24 43 45 74 82 58 68 50 34 55 68 65 72 71 64 48 34 19 13
87 85 74 77 84 86 87 81 76 75 52 54 63 32 19 20 21 45 51 56 49 35 22 21 48 60 61 68 68 71 69 68 74 76 74 66 45 35 69 75 71 66 77 79 62 50 53 62 76 58 74 73 75 82 90 51 79 75 76 77 94 94 72 71 68 61 43 61 62 79 58 74 75 66 45 54 37 47 29 29 26 25 21 24 21 41 29 58 54 42 35 20 45 27 20 15
90 91 92 92 91 90 88 84 78 61 69 48 46 24 24 24 51 51 60 73 69 61 49 36 48 59 64 69 71 81 78 72 67 67 32 43 53 57 64 68 69 36 53 36 34 29 56 52 72 79 76 77 74 76 60 69 83 77 80 76 86 91 97 92 75 56 64 62 46 43 50 74 71 63 64 58 60 63 34 29 22 28 25 44 67 74 65 73 49 68 50 26 27 65 59 38
93 84 92 92 94 89 86 82 76 84 80 67 60 20 16 18 36 59 66 78 74 83 76 80 61 52 61 63 73 79 78 66 62 53 29 32 51 52 46 57 64 51 36 31 58 28 36 32 62 69 84 85 72 92 78 79 75 76 76 78 83 80 95 108 86 79 70 71 57 61 70 70 72 52 57 72 70 63 80 71 61 44 67 54 56 54 58 42 35 32 49 60 49 33 58 17
85 93 86 90 89 91 90 83 88 88 73 71 39 38 16 19 35 35 67 67 85 84 87 81 59 48 64 67 70 76 64 69 47 42 19 31 35 49 48 33 67 55 65 71 69 57 34 30 41 83 76 91 89 87 80 74 73 91 78 77 81 80 87 117 90 83 84 70 66 72 68 57 59 71 57 52 45 68 51 72 75 69 81 66 48 58 60 25 15 25 52 54 51 20 16 30
75 77 90 88 89 87 90 88 88 86 68 43 72 54 41 42 36 20 22 56 42 60 56 54 42 74 58 68 70 45 35 38 44 22 29 26 58 70 58 57 55 71 73 76 77 72 47 50 44 49 73 83 83 84 91 81 78 84 90 74 79 78 69 91 111 89 97 76 71 60 58 76 64 77 71 43 60 70 66 71 49 37 66 71 49 51 57 41 34 14 46 18 16 18 21 16
72 73 69 79 89 88 87 90 89 85 76 27 53 78 85 76 66 24 19 20 20 21 45 23 79 81 97 82 79 56 16 32 28 27 23 43 66 80 83 69 80 67 74 71 79 79 75 71 63 61 61 80 75 70 82 80 73 80 71 80 79 64 67 85 92 104 90 87 64 47 45 52 91 77 74 64 33 77 86 66 36 27 39 51 76 88 70 61 19 12 30 73 58 63 80 60
72 69 70 66 63 64 83 84 83 80 77 66 77 80 71 80 46 24 18 21 21 36 61 55 59 89 83 76 77 35 33 36 54 64 66 66 40 56 96 87 93 82 80 71 63 71 79 77 73 67 55 52 55 65 73 71 71 82 43 67 64 73 73 75 79 77 85 83 81 62 56 67 54 63 43 36 55 56 68 63 27 34 56 43 34 61 72 50 33 17 12 21 32 43 43 34
63 62 64 51 50 27 53 60 57 67 58 63 78 56 54 26 23 33 42 25 38 47 75 67 72 80 63 70 52 52 44 82 84 77 71 86 75 48 67 69 71 90 86 79 76 77 74 74 77 71 62 66 67 61 43 76 50 53 52 63 55 58 58 52 53 41 87 71 69 68 59 65 64 66 74 60 63 66 60 66 63 60 44 35 36 41 69 39 29 36 23 28 20 15 15 27
88 83 88 83 61 22 17 21 24 27 21 48 58 45 35 39 21 46 66 68 72 66 62 60 54 42 48 37 29 23 61 61 84 88 78 77 96 86 85 82 78 73 83 89 77 58 71 83 85 80 71 71 51 59 58 55 79 71 75 70 65 68 53 35 59 61 69 58 60 69 66 54 69 61 55 28 43 51 55 68 59 28 27 68 46 60 41 33 73 63 70 51 37 45 18 31
82 78 78 66 50 41 24 20 18 22 51 44 32 39 21 32 22 63 74 89 103 90 77 51 40 63 46 26 51 55 55 71 75 90 76 69 77 93 87 87 82 75 63 79 67 54 74 66 78 73 64 51 55 66 77 80 77 62 74 90 87 78 71 59 66 64 75 61 76 70 64 73 70 52 42 39 32 51 52 26 18 19 23 25 41 52 65 52 59 66 59 47 76 78 78 52
71 74 78 65 38 51 41 20 20 19 23 51 49 36 26 35 61 67 60 78 74 73 82 78 61 61 54 41 57 49 45 60 78 76 91 83 76 88 93 93 88 70 64 47 42 46 57 49 48 50 74 66 53 66 72 83 78 79 78 71 81 85 72 72 77 75 75 75 84 79 75 70 76 62 57 48 66 73 54 33 25 25 19 23 64 81 81 78 79 78 60 63 66 51 33 18
